241.904761905
255.459770115
232.418300654
234.255599473
237.066666667
238.018741633
194.316939891
183.488132095
174.31372549
167.419962335
163.269054178
155.148342059
152.35646958
150.423011844
151.5771526
148.166666667
148.538011696
146.699669967
144.552845528
139.779874214
145.977011494
156.3764292
163.720073665
262.241887906
265.76980568
265.76980568
264.583333333
169.333333333
161.930783242
156.3764292
149.663299663
142.467948718
137.191358025
136.874518861
137.829457364
147.429519071
145.977011494
148.166666667
153.540587219
204.367816092
205.787037037
207.953216374
207.226107226
206.504065041
206.504065041
208.685446009
208.685446009
207.953216374
207.226107226
207.953216374
207.226107226
208.685446009
207.953216374
207.953216374
206.504065041
208.685446009
216.301703163
207.226107226
207.226107226
208.685446009
209.422850412
207.226107226
203.665521191
205.074971165
268.174962293
226.208651399
220.322180917
219.50617284
276.947040498
403.174603175
290.522875817
538.787878788
1185.33333333
1646.2962963
1481.66666667
926.041666667
2043.67816092
1795.95959596
1975.55555556
1975.55555556
1852.08333333
1519.65811966
1852.08333333
1601.8018018
1975.55555556
1445.52845528
1445.52845528
1646.2962963
1693.33333333
1559.64912281
1743.1372549
1601.8018018
1601.8018018
1852.08333333
1852.08333333
1601.8018018
1559.64912281
1646.2962963
1601.8018018
1601.8018018
1975.55555556
1601.8018018
1975.55555556
1646.2962963
1601.8018018
1743.1372549
1601.8018018
1559.64912281
1743.1372549
1481.66666667
1646.2962963
1445.52845528
1097.5308642
1004.51977401
1004.51977401
987.777777778
987.777777778
987.777777778
1021.83908046
1021.83908046
1039.76608187
1139.74358974
1077.57575758
1118.23899371
1118.23899371
1077.57575758
1097.5308642
1185.33333333
1234.72222222
1209.52380952
1118.23899371
1039.76608187
1058.33333333
1039.76608187
1021.83908046
1004.51977401
1021.83908046
1021.83908046
1039.76608187
1004.51977401
1004.51977401
1039.76608187
1021.83908046
1058.33333333
987.777777778
987.777777778
1004.51977401
1058.33333333
1004.51977401
1004.51977401
987.777777778
987.777777778
971.584699454
955.913978495
955.913978495
955.913978495
940.740740741
940.740740741
1209.52380952
940.740740741
926.041666667
911.794871795
940.740740741
926.041666667
884.577114428
871.568627451
871.568627451
1118.23899371
884.577114428
897.97979798
897.97979798
871.568627451
1260.9929078
1234.72222222
884.577114428
1234.72222222
1209.52380952
858.937198068
858.937198068
1260.9929078
858.937198068
1260.9929078
1260.9929078
1260.9929078
846.666666667
1260.9929078
1162.09150327
1234.72222222
1234.72222222
1234.72222222
1209.52380952
1260.9929078
1209.52380952
1162.09150327
1234.72222222
1209.52380952
1260.9929078
1288.4057971
1185.33333333
1185.33333333
1288.4057971
1185.33333333
1234.72222222
1346.96969697
1162.09150327
1378.29457364
1234.72222222
884.577114428
1260.9929078
1185.33333333
1162.09150327
1185.33333333
1288.4057971
1209.52380952
1209.52380952
1481.66666667
1445.52845528
1039.76608187
1481.66666667
1445.52845528
1411.11111111
1411.11111111
1346.96969697
1346.96969697
1346.96969697
1346.96969697
1378.29457364
1378.29457364
1346.96969697
1317.03703704
1317.03703704
1346.96969697
1317.03703704
1317.03703704
1317.03703704
1346.96969697
1288.4057971
1317.03703704
1346.96969697
1346.96969697
1317.03703704
1317.03703704
1346.96969697
1346.96969697
1317.03703704
1346.96969697
1317.03703704
1346.96969697
1378.29457364
1346.96969697
1346.96969697
1346.96969697
1317.03703704
1378.29457364
1346.96969697
1346.96969697
1378.29457364
1346.96969697
1346.96969697
1411.11111111
1378.29457364
1378.29457364
1411.11111111
1411.11111111
1378.29457364
1378.29457364
1346.96969697
1378.29457364
1693.33333333
1378.29457364
1378.29457364
1097.5308642
1185.33333333
1162.09150327
1162.09150327
1185.33333333
1118.23899371
1139.74358974
1139.74358974
1118.23899371
1139.74358974
1097.5308642
1209.52380952
1234.72222222
1185.33333333
1260.9929078
1209.52380952
1077.57575758
1077.57575758
1097.5308642
1058.33333333
1039.76608187
1209.52380952
1234.72222222
1209.52380952
1039.76608187
1004.51977401
1021.83908046
1039.76608187
1260.9929078
1209.52380952
1209.52380952
1021.83908046
1039.76608187
1039.76608187
1021.83908046
1021.83908046
1021.83908046
1004.51977401
1004.51977401
1039.76608187
1004.51977401
1021.83908046
1004.51977401
1004.51977401
1004.51977401
1021.83908046
1852.08333333
1288.4057971
1911.82795699
1346.96969697
1646.2962963
1911.82795699
1481.66666667
1911.82795699
1795.95959596
1852.08333333
1743.1372549
1317.03703704
1852.08333333
1795.95959596
1743.1372549
2469.44444444
2469.44444444
2279.48717949
2370.66666667
2043.67816092
1852.08333333
1519.65811966
1481.66666667
1559.64912281
1743.1372549
1481.66666667
1519.65811966
1445.52845528
1601.8018018
1481.66666667
1743.1372549
1519.65811966
1346.96969697
1445.52845528
1445.52845528
1411.11111111
1445.52845528
1378.29457364
2116.66666667
1975.55555556
2043.67816092
2279.48717949
2195.0617284
2370.66666667
2469.44444444
2469.44444444
2469.44444444
2693.93939394
2370.66666667
1911.82795699
2693.93939394
2469.44444444
2693.93939394
2693.93939394
2693.93939394
2576.8115942
2469.44444444
2469.44444444
1975.55555556
2576.8115942
2116.66666667
2576.8115942
2576.8115942
1975.55555556
1975.55555556
2116.66666667
2116.66666667
2116.66666667
2116.66666667
1911.82795699
1975.55555556
1852.08333333
1852.08333333
1795.95959596
1852.08333333
1743.1372549
1693.33333333
1743.1372549
1646.2962963
1693.33333333
1601.8018018
1601.8018018
1646.2962963
1646.2962963
1559.64912281
1559.64912281
1519.65811966
1519.65811966
1481.66666667
1481.66666667
1481.66666667
1445.52845528
1481.66666667
1559.64912281
1519.65811966
1559.64912281
1519.65811966
1481.66666667
1481.66666667
1411.11111111
1378.29457364
1445.52845528
1378.29457364
1346.96969697
1346.96969697
1317.03703704
1346.96969697
1317.03703704
1288.4057971
1975.55555556
1260.9929078
1288.4057971
1260.9929078
1260.9929078
1234.72222222
1288.4057971
1288.4057971
1911.82795699
1209.52380952
1209.52380952
1693.33333333
1234.72222222
1234.72222222
1559.64912281
1559.64912281
1481.66666667
1139.74358974
1445.52845528
1162.09150327
1185.33333333
1378.29457364
1162.09150327
1445.52845528
1346.96969697
1346.96969697
1317.03703704
1209.52380952
1185.33333333
1234.72222222
1288.4057971
1288.4057971
1234.72222222
1260.9929078
1317.03703704
1234.72222222
1260.9929078
1234.72222222
1209.52380952
1288.4057971
1260.9929078
1209.52380952
1234.72222222
1234.72222222
1209.52380952
1162.09150327
1209.52380952
1260.9929078
1234.72222222
1234.72222222
1288.4057971
1234.72222222
1260.9929078
1234.72222222
1234.72222222
1288.4057971
1139.74358974
1209.52380952
1209.52380952
1185.33333333
1234.72222222
1234.72222222
1288.4057971
1288.4057971
1185.33333333
1260.9929078
1234.72222222
1317.03703704
1185.33333333
1209.52380952
1260.9929078
1288.4057971
1260.9929078
1097.5308642
1234.72222222
1185.33333333
1097.5308642
1097.5308642
1118.23899371
1139.74358974
1139.74358974
1209.52380952
1077.57575758
1118.23899371
1077.57575758
1058.33333333
1039.76608187
1077.57575758
1077.57575758
1077.57575758
1077.57575758
1077.57575758
1058.33333333
1058.33333333
1077.57575758
1058.33333333
1077.57575758
1058.33333333
1058.33333333
1077.57575758
1077.57575758
1039.76608187
1021.83908046
1039.76608187
1039.76608187
1021.83908046
1021.83908046
1039.76608187
1021.83908046
1004.51977401
987.777777778
1004.51977401
1004.51977401
971.584699454
955.913978495
987.777777778
971.584699454
940.740740741
955.913978495
940.740740741
1209.52380952
940.740740741
940.740740741
955.913978495
926.041666667
911.794871795
897.97979798
911.794871795
897.97979798
884.577114428
884.577114428
884.577114428
897.97979798
897.97979798
1288.4057971
1260.9929078
1260.9929078
884.577114428
1118.23899371
884.577114428
1185.33333333
884.577114428
858.937198068
871.568627451
871.568627451
1209.52380952
1234.72222222
858.937198068
858.937198068
1234.72222222
1234.72222222
1346.96969697
1288.4057971
1234.72222222
1260.9929078
1288.4057971
1346.96969697
1209.52380952
1260.9929078
1209.52380952
1346.96969697
1317.03703704
1317.03703704
1288.4057971
1346.96969697
1288.4057971
1378.29457364
1378.29457364
1288.4057971
1346.96969697
1411.11111111
1411.11111111
1378.29457364
1411.11111111
1445.52845528
1445.52845528
1481.66666667
1346.96969697
1411.11111111
1411.11111111
1378.29457364
1317.03703704
926.041666667
1209.52380952
1317.03703704
1288.4057971
1317.03703704
1139.74358974
1445.52845528
1411.11111111
1346.96969697
1378.29457364
1234.72222222
1209.52380952
1234.72222222
1346.96969697
1234.72222222
1601.8018018
1234.72222222
1234.72222222
1185.33333333
1139.74358974
1185.33333333
1234.72222222
1209.52380952
1058.33333333
1234.72222222
1288.4057971
1077.57575758
1139.74358974
1234.72222222
1411.11111111
1162.09150327
1234.72222222
955.913978495
1234.72222222
1260.9929078
1209.52380952
1209.52380952
1209.52380952
1209.52380952
1234.72222222
1209.52380952
1209.52380952
1234.72222222
1185.33333333
1209.52380952
1185.33333333
1185.33333333
1185.33333333
1185.33333333
1185.33333333
1162.09150327
1185.33333333
1162.09150327
1162.09150327
1162.09150327
1139.74358974
1118.23899371
1118.23899371
1139.74358974
1097.5308642
1139.74358974
1097.5308642
1118.23899371
1139.74358974
1097.5308642
1118.23899371
1118.23899371
1097.5308642
1077.57575758
1077.57575758
1039.76608187
1058.33333333
1021.83908046
1004.51977401
1058.33333333
1039.76608187
1039.76608187
1058.33333333
1039.76608187
1039.76608187
1058.33333333
1058.33333333
1039.76608187
1039.76608187
1519.65811966
1209.52380952
1260.9929078
1234.72222222
1209.52380952
1260.9929078
1260.9929078
1288.4057971
1039.76608187
1234.72222222
1209.52380952
1519.65811966
1234.72222222
1795.95959596
2043.67816092
1601.8018018
1743.1372549
1911.82795699
1911.82795699
2370.66666667
2370.66666667
1911.82795699
1693.33333333
1646.2962963
1743.1372549
1975.55555556
1601.8018018
1519.65811966
1646.2962963
1646.2962963
1646.2962963
1559.64912281
1693.33333333
1646.2962963
1445.52845528
1481.66666667
1481.66666667
1693.33333333
1559.64912281
2469.44444444
1975.55555556
2469.44444444
2576.8115942
2116.66666667
2469.44444444
2693.93939394
2576.8115942
2576.8115942
2576.8115942
2370.66666667
2693.93939394
2822.22222222
2693.93939394
2693.93939394
2279.48717949
2576.8115942
2116.66666667
2043.67816092
2370.66666667
1911.82795699
2576.8115942
2576.8115942
1911.82795699
2195.0617284
2116.66666667
2116.66666667
2116.66666667
2116.66666667
2043.67816092
2116.66666667
1975.55555556
2279.48717949
1852.08333333
1795.95959596
1795.95959596
1795.95959596
1795.95959596
1795.95959596
1743.1372549
1693.33333333
1693.33333333
1693.33333333
1646.2962963
1559.64912281
1646.2962963
1601.8018018
1601.8018018
1646.2962963
1646.2962963
1646.2962963
1646.2962963
1519.65811966
1519.65811966
1519.65811966
1519.65811966
1481.66666667
1411.11111111
1445.52845528
1411.11111111
1378.29457364
1411.11111111
1411.11111111
1378.29457364
1346.96969697
1975.55555556
1346.96969697
1288.4057971
1260.9929078
1317.03703704
1317.03703704
1317.03703704
1852.08333333
1260.9929078
1234.72222222
1209.52380952
1209.52380952
1288.4057971
1646.2962963
1209.52380952
1185.33333333
1234.72222222
1162.09150327
1185.33333333
1185.33333333
1481.66666667
1481.66666667
1185.33333333
1481.66666667
1445.52845528
1378.29457364
1139.74358974
1378.29457364
1317.03703704
1346.96969697
1288.4057971
1234.72222222
1260.9929078
1162.09150327
1317.03703704
1234.72222222
1260.9929078
1288.4057971
1317.03703704
1260.9929078
1260.9929078
1209.52380952
1209.52380952
1234.72222222
1260.9929078
1260.9929078
1260.9929078
1288.4057971
1260.9929078
1260.9929078
1234.72222222
1185.33333333
1234.72222222
1209.52380952
1185.33333333
1234.72222222
1260.9929078
1317.03703704
1288.4057971
1288.4057971
1260.9929078
1288.4057971
1234.72222222
1260.9929078
1260.9929078
1260.9929078
1260.9929078
1260.9929078
1260.9929078
1234.72222222
1209.52380952
1234.72222222
1234.72222222
1234.72222222
1209.52380952
1077.57575758
1162.09150327
1185.33333333
1260.9929078
1260.9929078
1097.5308642
1097.5308642
1185.33333333
1139.74358974
1097.5308642
1058.33333333
1097.5308642
1077.57575758
1077.57575758
1077.57575758
1077.57575758
1097.5308642
1077.57575758
1077.57575758
1097.5308642
1097.5308642
1097.5308642
1097.5308642
1097.5308642
1077.57575758
1058.33333333
1058.33333333
1058.33333333
1058.33333333
1039.76608187
1039.76608187
1058.33333333
1039.76608187
1039.76608187
1039.76608187
1058.33333333
1039.76608187
1004.51977401
1021.83908046
1004.51977401
1004.51977401
987.777777778
955.913978495
955.913978495
955.913978495
940.740740741
955.913978495
926.041666667
940.740740741
940.740740741
926.041666667
926.041666667
926.041666667
911.794871795
911.794871795
897.97979798
911.794871795
897.97979798
911.794871795
858.937198068
897.97979798
871.568627451
846.666666667
858.937198068
846.666666667
1097.5308642
1209.52380952
858.937198068
858.937198068
1317.03703704
846.666666667
1317.03703704
1288.4057971
1185.33333333
1021.83908046
1234.72222222
1209.52380952
1209.52380952
1185.33333333
858.937198068
1234.72222222
1209.52380952
1209.52380952
1317.03703704
1209.52380952
1260.9929078
1209.52380952
1260.9929078
1097.5308642
884.577114428
884.577114428
1097.5308642
897.97979798
871.568627451
858.937198068
884.577114428
846.666666667
846.666666667
858.937198068
846.666666667
846.666666667
858.937198068
858.937198068
858.937198068
823.148148148
846.666666667
800.900900901
811.872146119
800.900900901
779.824561404
800.900900901
790.222222222
811.872146119
790.222222222
800.900900901
790.222222222
800.900900901
811.872146119
800.900900901
790.222222222
800.900900901
790.222222222
790.222222222
790.222222222
790.222222222
779.824561404
759.829059829
769.696969697
759.829059829
750.210970464
759.829059829
740.833333333
731.687242798
740.833333333
731.687242798
722.764227642
722.764227642
714.0562249
714.0562249
714.0562249
697.254901961
697.254901961
714.0562249
697.254901961
714.0562249
714.0562249
731.687242798
722.764227642
731.687242798
740.833333333
750.210970464
759.829059829
750.210970464
740.833333333
750.210970464
769.696969697
759.829059829
750.210970464
759.829059829
769.696969697
779.824561404
779.824561404
779.824561404
790.222222222
790.222222222
790.222222222
800.900900901
790.222222222
790.222222222
800.900900901
800.900900901
790.222222222
779.824561404
811.872146119
811.872146119
823.148148148
800.900900901
800.900900901
823.148148148
823.148148148
823.148148148
834.741784038
790.222222222
846.666666667
897.97979798
800.900900901
811.872146119
823.148148148
811.872146119
790.222222222
790.222222222
779.824561404
790.222222222
779.824561404
759.829059829
750.210970464
769.696969697
750.210970464
731.687242798
750.210970464
731.687242798
731.687242798
714.0562249
740.833333333
722.764227642
722.764227642
689.147286822
705.555555556
705.555555556
697.254901961
689.147286822
689.147286822
689.147286822
689.147286822
681.22605364
681.22605364
714.0562249
681.22605364
673.484848485
673.484848485
665.917602996
665.917602996
665.917602996
658.518518519
673.484848485
658.518518519
658.518518519
658.518518519
658.518518519
665.917602996
651.282051282
658.518518519
644.202898551
644.202898551
644.202898551
651.282051282
651.282051282
637.275985663
644.202898551
630.496453901
637.275985663
617.361111111
630.496453901
630.496453901
623.859649123
610.996563574
610.996563574
610.996563574
592.666666667
598.653198653
592.666666667
592.666666667
581.045751634
581.045751634
569.871794872
569.871794872
569.871794872
564.444444444
553.894080997
559.119496855
553.894080997
543.73088685
533.933933934
529.166666667
533.933933934
529.166666667
519.883040936
519.883040936
515.362318841
510.91954023
506.552706553
506.552706553
502.259887006
498.039215686
502.259887006
506.552706553
515.362318841
515.362318841
510.91954023
524.483775811
515.362318841
533.933933934
533.933933934
538.787878788
538.787878788
538.787878788
538.787878788
533.933933934
533.933933934
569.871794872
543.73088685
553.894080997
559.119496855
564.444444444
559.119496855
569.871794872
553.894080997
559.119496855
564.444444444
564.444444444
559.119496855
630.496453901
610.996563574
604.761904762
553.894080997
575.404530744
559.119496855
569.871794872
586.798679868
564.444444444
559.119496855
575.404530744
598.653198653
559.119496855
553.894080997
538.787878788
553.894080997
533.933933934
524.483775811
559.119496855
543.73088685
543.73088685
515.362318841
498.039215686
538.787878788
506.552706553
564.444444444
564.444444444
515.362318841
510.91954023
553.894080997
569.871794872
569.871794872
519.883040936
569.871794872
519.883040936
524.483775811
529.166666667
510.91954023
553.894080997
548.765432099
515.362318841
543.73088685
543.73088685
538.787878788
519.883040936
538.787878788
515.362318841
506.552706553
515.362318841
502.259887006
493.888888889
569.871794872
498.039215686
529.166666667
493.888888889
485.792349727
485.792349727
481.842818428
474.133333333
474.133333333
470.37037037
459.431524548
459.431524548
463.020833333
448.98989899
445.614035088
510.91954023
439.012345679
432.603406326
502.259887006
485.792349727
417.370892019
411.574074074
459.431524548
474.133333333
452.417302799
395.111111111
384.848484848
384.848484848
442.288557214
439.012345679
442.288557214
397.762863535
463.020833333
474.133333333
463.020833333
411.574074074
408.735632184
417.370892019
414.452214452
432.603406326
423.333333333
429.468599034
429.468599034
420.330969267
420.330969267
426.378896882
420.330969267
417.370892019
420.330969267
435.784313725
405.936073059
405.936073059
435.784313725
414.452214452
439.012345679
405.936073059
420.330969267
414.452214452
442.288557214
423.333333333
442.288557214
411.574074074
442.288557214
408.735632184
432.603406326
417.370892019
403.174603175
411.574074074
411.574074074
405.936073059
397.762863535
411.574074074
405.936073059
403.174603175
389.912280702
408.735632184
414.452214452
389.912280702
429.468599034
403.174603175
408.735632184
452.417302799
384.848484848
389.912280702
452.417302799
432.603406326
448.98989899
379.914529915
470.37037037
414.452214452
408.735632184
400.45045045
395.111111111
395.111111111
384.848484848
372.746331237
368.115942029
372.746331237
435.784313725
368.115942029
370.416666667
363.599182004
359.191919192
357.02811245
429.468599034
432.603406326
426.378896882
429.468599034
429.468599034
426.378896882
435.784313725
332.958801498
432.603406326
329.259259259
325.641025641
323.861566485
322.101449275
318.637992832
316.934046346
313.580246914
432.603406326
311.929824561
308.680555556
313.580246914
310.296684119
315.24822695
315.24822695
318.637992832
318.637992832
325.641025641
323.861566485
325.641025641
325.641025641
329.259259259
432.603406326
429.468599034
420.330969267
423.333333333
426.378896882
426.378896882
346.588693957
429.468599034
417.370892019
354.890219561
429.468599034
357.02811245
417.370892019
368.115942029
357.02811245
375.105485232
372.746331237
420.330969267
375.105485232
379.914529915
426.378896882
372.746331237
405.936073059
375.105485232
417.370892019
423.333333333
452.417302799
392.494481236
389.912280702
372.746331237
452.417302799
455.897435897
384.848484848
387.363834423
382.365591398
377.494692144
370.416666667
382.365591398
502.259887006
477.956989247
502.259887006
569.871794872
575.404530744
697.254901961
714.0562249
731.687242798
538.787878788
800.900900901
846.666666667
823.148148148
1317.03703704
1209.52380952
1317.03703704
1162.09150327
1209.52380952
1039.76608187
1004.51977401
955.913978495
1004.51977401
722.764227642
510.91954023
459.431524548
548.765432099
553.894080997
575.404530744
575.404530744
586.798679868
598.653198653
604.761904762
586.798679868
515.362318841
498.039215686
598.653198653
502.259887006
470.37037037
493.888888889
897.97979798
911.794871795
705.555555556
623.859649123
681.22605364
681.22605364
637.275985663
637.275985663
524.483775811
538.787878788
673.484848485
665.917602996
673.484848485
637.275985663
543.73088685
510.91954023
519.883040936
515.362318841
538.787878788
506.552706553
697.254901961
519.883040936
502.259887006
581.045751634
533.933933934
519.883040936
623.859649123
610.996563574
519.883040936
538.787878788
529.166666667
575.404530744
519.883040936
519.883040936
498.039215686
470.37037037
502.259887006
510.91954023
524.483775811
470.37037037
452.417302799
459.431524548
470.37037037
466.666666667
429.468599034
481.842818428
498.039215686
524.483775811
598.653198653
524.483775811
575.404530744
586.798679868
529.166666667
630.496453901
481.842818428
429.468599034
379.914529915
423.333333333
455.897435897
392.494481236
411.574074074
498.039215686
463.020833333
442.288557214
455.897435897
417.370892019
470.37037037
455.897435897
439.012345679
439.012345679
442.288557214
442.288557214
439.012345679
435.784313725
429.468599034
435.784313725
442.288557214
432.603406326
423.333333333
435.784313725
455.897435897
445.614035088
452.417302799
463.020833333
448.98989899
448.98989899
445.614035088
470.37037037
445.614035088
474.133333333
452.417302799
448.98989899
448.98989899
442.288557214
448.98989899
448.98989899
448.98989899
466.666666667
448.98989899
477.956989247
442.288557214
439.012345679
435.784313725
445.614035088
481.842818428
445.614035088
435.784313725
417.370892019
445.614035088
448.98989899
466.666666667
429.468599034
750.210970464
435.784313725
452.417302799
452.417302799
477.956989247
466.666666667
452.417302799
435.784313725
448.98989899
442.288557214
435.784313725
445.614035088
442.288557214
435.784313725
448.98989899
439.012345679
463.020833333
452.417302799
463.020833333
442.288557214
477.956989247
466.666666667
439.012345679
463.020833333
470.37037037
470.37037037
448.98989899
448.98989899
445.614035088
448.98989899
485.792349727
455.897435897
439.012345679
442.288557214
445.614035088
442.288557214
432.603406326
448.98989899
455.897435897
448.98989899
435.784313725
452.417302799
448.98989899
442.288557214
474.133333333
423.333333333
455.897435897
477.956989247
452.417302799
435.784313725
759.829059829
439.012345679
445.614035088
448.98989899
445.614035088
439.012345679
481.842818428
448.98989899
481.842818428
445.614035088
442.288557214
445.614035088
459.431524548
452.417302799
439.012345679
426.378896882
452.417302799
459.431524548
481.842818428
448.98989899
466.666666667
432.603406326
435.784313725
432.603406326
455.897435897
439.012345679
442.288557214
448.98989899
452.417302799
452.417302799
455.897435897
466.666666667
470.37037037
470.37037037
439.012345679
439.012345679
442.288557214
452.417302799
452.417302799
442.288557214
439.012345679
466.666666667
442.288557214
470.37037037
470.37037037
442.288557214
463.020833333
474.133333333
455.897435897
455.897435897
470.37037037
445.614035088
452.417302799
455.897435897
439.012345679
455.897435897
455.897435897
445.614035088
474.133333333
452.417302799
474.133333333
448.98989899
439.012345679
470.37037037
452.417302799
448.98989899
466.666666667
477.956989247
470.37037037
455.897435897
439.012345679
452.417302799
414.452214452
439.012345679
455.897435897
439.012345679
435.784313725
432.603406326
448.98989899
463.020833333
442.288557214
452.417302799
498.039215686
502.259887006
442.288557214
493.888888889
470.37037037
442.288557214
455.897435897
481.842818428
474.133333333
439.012345679
439.012345679
477.956989247
432.603406326
435.784313725
448.98989899
448.98989899
452.417302799
459.431524548
502.259887006
459.431524548
432.603406326
470.37037037
463.020833333
452.417302799
435.784313725
448.98989899
423.333333333
740.833333333
470.37037037
442.288557214
459.431524548
452.417302799
442.288557214
442.288557214
452.417302799
463.020833333
470.37037037
445.614035088
429.468599034
452.417302799
439.012345679
435.784313725
445.614035088
442.288557214
455.897435897
435.784313725
455.897435897
439.012345679
498.039215686
445.614035088
426.378896882
442.288557214
445.614035088
448.98989899
426.378896882
435.784313725
423.333333333
432.603406326
435.784313725
477.956989247
442.288557214
466.666666667
477.956989247
474.133333333
477.956989247
439.012345679
455.897435897
448.98989899
455.897435897
439.012345679
452.417302799
442.288557214
448.98989899
459.431524548
452.417302799
452.417302799
455.897435897
459.431524548
455.897435897
442.288557214
452.417302799
423.333333333
442.288557214
470.37037037
445.614035088
445.614035088
455.897435897
435.784313725
442.288557214
448.98989899
403.174603175
466.666666667
455.897435897
481.842818428
498.039215686
485.792349727
442.288557214
445.614035088
445.614035088
452.417302799
435.784313725
442.288557214
455.897435897
439.012345679
435.784313725
463.020833333
442.288557214
455.897435897
442.288557214
474.133333333
442.288557214
442.288557214
439.012345679
481.842818428
445.614035088
442.288557214
423.333333333
435.784313725
455.897435897
439.012345679
474.133333333
474.133333333
477.956989247
470.37037037
452.417302799
439.012345679
452.417302799
452.417302799
448.98989899
581.045751634
452.417302799
474.133333333
448.98989899
435.784313725
455.897435897
470.37037037
740.833333333
448.98989899
445.614035088
470.37037037
442.288557214
466.666666667
445.614035088
452.417302799
455.897435897
445.614035088
448.98989899
439.012345679
448.98989899
455.897435897
439.012345679
439.012345679
442.288557214
485.792349727
470.37037037
477.956989247
439.012345679
439.012345679
442.288557214
432.603406326
452.417302799
477.956989247
439.012345679
459.431524548
423.333333333
439.012345679
481.842818428
448.98989899
442.288557214
474.133333333
452.417302799
439.012345679
439.012345679
455.897435897
455.897435897
455.897435897
470.37037037
448.98989899
448.98989899
474.133333333
439.012345679
426.378896882
455.897435897
477.956989247
470.37037037
452.417302799
455.897435897
452.417302799
442.288557214
426.378896882
442.288557214
439.012345679
439.012345679
423.333333333
474.133333333
455.897435897
439.012345679
442.288557214
477.956989247
442.288557214
452.417302799
439.012345679
442.288557214
439.012345679
448.98989899
445.614035088
420.330969267
442.288557214
423.333333333
445.614035088
474.133333333
455.897435897
439.012345679
423.333333333
439.012345679
448.98989899
750.210970464
474.133333333
439.012345679
439.012345679
442.288557214
439.012345679
435.784313725
423.333333333
455.897435897
466.666666667
414.452214452
445.614035088
442.288557214
452.417302799
442.288557214
442.288557214
420.330969267
442.288557214
448.98989899
439.012345679
455.897435897
470.37037037
452.417302799
435.784313725
442.288557214
448.98989899
448.98989899
474.133333333
448.98989899
448.98989899
448.98989899
448.98989899
481.842818428
442.288557214
759.829059829
432.603406326
470.37037037
759.829059829
459.431524548
463.020833333
442.288557214
489.807162534
463.020833333
474.133333333
466.666666667
445.614035088
439.012345679
442.288557214
435.784313725
442.288557214
442.288557214
442.288557214
470.37037037
445.614035088
442.288557214
455.897435897
448.98989899
420.330969267
439.012345679
445.614035088
442.288557214
452.417302799
439.012345679
439.012345679
466.666666667
426.378896882
429.468599034
470.37037037
439.012345679
474.133333333
420.330969267
470.37037037
470.37037037
435.784313725
498.039215686
759.829059829
800.900900901
592.666666667
581.045751634
559.119496855
581.045751634
548.765432099
598.653198653
592.666666667
604.761904762
811.872146119
1039.76608187
529.166666667
553.894080997
569.871794872
470.37037037
543.73088685
586.798679868
519.883040936
502.259887006
598.653198653
498.039215686
506.552706553
586.798679868
623.859649123
598.653198653
811.872146119
569.871794872
630.496453901
740.833333333
604.761904762
897.97979798
474.133333333
463.020833333
637.275985663
610.996563574
617.361111111
481.842818428
489.807162534
575.404530744
581.045751634
586.798679868
592.666666667
586.798679868
604.761904762
489.807162534
470.37037037
510.91954023
502.259887006
519.883040936
524.483775811
477.956989247
538.787878788
538.787878788
493.888888889
644.202898551
658.518518519
658.518518519
610.996563574
623.859649123
604.761904762
617.361111111
623.859649123
610.996563574
617.361111111
466.666666667
470.37037037
477.956989247
489.807162534
481.842818428
564.444444444
502.259887006
498.039215686
493.888888889
617.361111111
559.119496855
658.518518519
644.202898551
630.496453901
630.496453901
529.166666667
510.91954023
506.552706553
569.871794872
623.859649123
510.91954023
673.484848485
637.275985663
651.282051282
617.361111111
617.361111111
623.859649123
623.859649123
610.996563574
617.361111111
630.496453901
623.859649123
610.996563574
630.496453901
651.282051282
658.518518519
630.496453901
610.996563574
623.859649123
630.496453901
644.202898551
644.202898551
623.859649123
617.361111111
623.859649123
617.361111111
644.202898551
623.859649123
623.859649123
630.496453901
617.361111111
651.282051282
623.859649123
630.496453901
630.496453901
604.761904762
689.147286822
673.484848485
623.859649123
623.859649123
623.859649123
610.996563574
623.859649123
623.859649123
617.361111111
623.859649123
617.361111111
617.361111111
637.275985663
623.859649123
623.859649123
665.917602996
623.859649123
630.496453901
673.484848485
658.518518519
630.496453901
623.859649123
623.859649123
623.859649123
623.859649123
617.361111111
623.859649123
637.275985663
623.859649123
673.484848485
673.484848485
630.496453901
610.996563574
658.518518519
665.917602996
617.361111111
637.275985663
651.282051282
623.859649123
630.496453901
610.996563574
681.22605364
617.361111111
617.361111111
673.484848485
630.496453901
623.859649123
644.202898551
630.496453901
623.859649123
617.361111111
637.275985663
610.996563574
623.859649123
617.361111111
610.996563574
617.361111111
637.275985663
623.859649123
630.496453901
644.202898551
630.496453901
623.859649123
644.202898551
617.361111111
630.496453901
623.859649123
623.859649123
630.496453901
617.361111111
651.282051282
623.859649123
623.859649123
610.996563574
623.859649123
630.496453901
617.361111111
630.496453901
623.859649123
610.996563574
644.202898551
617.361111111
617.361111111
637.275985663
623.859649123
617.361111111
630.496453901
617.361111111
617.361111111
637.275985663
617.361111111
617.361111111
630.496453901
617.361111111
630.496453901
630.496453901
617.361111111
630.496453901
617.361111111
604.761904762
598.653198653
637.275985663
617.361111111
623.859649123
630.496453901
604.761904762
658.518518519
665.917602996
623.859649123
665.917602996
681.22605364
623.859649123
617.361111111
630.496453901
623.859649123
623.859649123
623.859649123
617.361111111
623.859649123
658.518518519
630.496453901
644.202898551
623.859649123
623.859649123
623.859649123
623.859649123
623.859649123
623.859649123
637.275985663
623.859649123
651.282051282
658.518518519
665.917602996
644.202898551
630.496453901
623.859649123
623.859649123
658.518518519
610.996563574
637.275985663
665.917602996
610.996563574
617.361111111
623.859649123
617.361111111
630.496453901
623.859649123
623.859649123
623.859649123
617.361111111
637.275985663
630.496453901
623.859649123
630.496453901
681.22605364
623.859649123
665.917602996
630.496453901
623.859649123
610.996563574
617.361111111
630.496453901
610.996563574
637.275985663
630.496453901
673.484848485
623.859649123
637.275985663
658.518518519
637.275985663
630.496453901
623.859649123
623.859649123
617.361111111
637.275985663
689.147286822
617.361111111
637.275985663
630.496453901
623.859649123
623.859649123
623.859649123
623.859649123
623.859649123
637.275985663
623.859649123
637.275985663
665.917602996
623.859649123
623.859649123
673.484848485
644.202898551
630.496453901
623.859649123
630.496453901
665.917602996
617.361111111
630.496453901
644.202898551
623.859649123
623.859649123
637.275985663
623.859649123
630.496453901
630.496453901
617.361111111
665.917602996
623.859649123
644.202898551
623.859649123
637.275985663
623.859649123
617.361111111
630.496453901
623.859649123
623.859649123
623.859649123
617.361111111
658.518518519
623.859649123
651.282051282
610.996563574
623.859649123
610.996563574
637.275985663
681.22605364
623.859649123
623.859649123
617.361111111
623.859649123
617.361111111
644.202898551
623.859649123
630.496453901
644.202898551
604.761904762
673.484848485
623.859649123
617.361111111
651.282051282
623.859649123
617.361111111
658.518518519
630.496453901
617.361111111
630.496453901
623.859649123
604.761904762
617.361111111
623.859649123
623.859649123
630.496453901
623.859649123
617.361111111
623.859649123
617.361111111
623.859649123
623.859649123
665.917602996
617.361111111
665.917602996
644.202898551
658.518518519
673.484848485
630.496453901
617.361111111
630.496453901
623.859649123
617.361111111
644.202898551
630.496453901
617.361111111
630.496453901
623.859649123
658.518518519
630.496453901
610.996563574
651.282051282
637.275985663
623.859649123
630.496453901
617.361111111
617.361111111
623.859649123
637.275985663
623.859649123
623.859649123
673.484848485
630.496453901
630.496453901
630.496453901
623.859649123
617.361111111
623.859649123
617.361111111
617.361111111
630.496453901
623.859649123
623.859649123
651.282051282
610.996563574
673.484848485
630.496453901
617.361111111
623.859649123
658.518518519
637.275985663
623.859649123
630.496453901
658.518518519
665.917602996
681.22605364
617.361111111
623.859649123
637.275985663
617.361111111
623.859649123
623.859649123
651.282051282
623.859649123
617.361111111
610.996563574
637.275985663
658.518518519
623.859649123
617.361111111
623.859649123
644.202898551
598.653198653
623.859649123
658.518518519
673.484848485
651.282051282
604.761904762
623.859649123
651.282051282
617.361111111
630.496453901
617.361111111
604.761904762
630.496453901
644.202898551
610.996563574
630.496453901
658.518518519
617.361111111
630.496453901
623.859649123
623.859649123
630.496453901
623.859649123
617.361111111
673.484848485
665.917602996
617.361111111
630.496453901
651.282051282
630.496453901
637.275985663
630.496453901
617.361111111
681.22605364
630.496453901
644.202898551
665.917602996
617.361111111
617.361111111
623.859649123
623.859649123
623.859649123
665.917602996
623.859649123
644.202898551
665.917602996
617.361111111
658.518518519
604.761904762
617.361111111
617.361111111
630.496453901
598.653198653
623.859649123
623.859649123
610.996563574
697.254901961
630.496453901
623.859649123
651.282051282
617.361111111
623.859649123
617.361111111
630.496453901
617.361111111
617.361111111
617.361111111
617.361111111
604.761904762
617.361111111
617.361111111
630.496453901
610.996563574
617.361111111
651.282051282
630.496453901
617.361111111
644.202898551
623.859649123
630.496453901
617.361111111
623.859649123
617.361111111
637.275985663
644.202898551
630.496453901
623.859649123
623.859649123
617.361111111
630.496453901
617.361111111
617.361111111
630.496453901
617.361111111
637.275985663
623.859649123
617.361111111
630.496453901
630.496453901
673.484848485
617.361111111
637.275985663
623.859649123
610.996563574
630.496453901
630.496453901
617.361111111
637.275985663
617.361111111
623.859649123
630.496453901
610.996563574
623.859649123
623.859649123
637.275985663
617.361111111
623.859649123
630.496453901
630.496453901
623.859649123
617.361111111
665.917602996
673.484848485
598.653198653
630.496453901
623.859649123
623.859649123
665.917602996
623.859649123
617.361111111
617.361111111
630.496453901
617.361111111
673.484848485
623.859649123
637.275985663
651.282051282
623.859649123
617.361111111
623.859649123
630.496453901
623.859649123
630.496453901
617.361111111
617.361111111
623.859649123
617.361111111
623.859649123
623.859649123
623.859649123
623.859649123
623.859649123
623.859649123
665.917602996
623.859649123
617.361111111
617.361111111
604.761904762
623.859649123
617.361111111
630.496453901
623.859649123
623.859649123
644.202898551
630.496453901
623.859649123
637.275985663
623.859649123
623.859649123
630.496453901
592.666666667
623.859649123
623.859649123
623.859649123
604.761904762
623.859649123
610.996563574
623.859649123
623.859649123
617.361111111
610.996563574
617.361111111
617.361111111
630.496453901
617.361111111
617.361111111
623.859649123
623.859649123
623.859649123
623.859649123
658.518518519
610.996563574
617.361111111
604.761904762
617.361111111
623.859649123
630.496453901
617.361111111
623.859649123
623.859649123
651.282051282
630.496453901
630.496453901
617.361111111
630.496453901
617.361111111
617.361111111
623.859649123
651.282051282
598.653198653
623.859649123
617.361111111
630.496453901
617.361111111
630.496453901
617.361111111
623.859649123
623.859649123
610.996563574
630.496453901
617.361111111
617.361111111
637.275985663
630.496453901
598.653198653
623.859649123
623.859649123
610.996563574
630.496453901
610.996563574
617.361111111
630.496453901
630.496453901
623.859649123
637.275985663
604.761904762
617.361111111
673.484848485
617.361111111
617.361111111
623.859649123
610.996563574
630.496453901
623.859649123
617.361111111
617.361111111
623.859649123
610.996563574
623.859649123
623.859649123
623.859649123
617.361111111
630.496453901
604.761904762
651.282051282
623.859649123
610.996563574
630.496453901
604.761904762
617.361111111
630.496453901
617.361111111
623.859649123
623.859649123
617.361111111
617.361111111
630.496453901
623.859649123
617.361111111
630.496453901
623.859649123
623.859649123
623.859649123
617.361111111
617.361111111
681.22605364
623.859649123
610.996563574
623.859649123
617.361111111
610.996563574
623.859649123
617.361111111
617.361111111
623.859649123
623.859649123
665.917602996
623.859649123
623.859649123
617.361111111
658.518518519
617.361111111
644.202898551
623.859649123
644.202898551
623.859649123
623.859649123
617.361111111
617.361111111
617.361111111
623.859649123
617.361111111
617.361111111
617.361111111
623.859649123
617.361111111
604.761904762
617.361111111
630.496453901
610.996563574
689.147286822
623.859649123
623.859649123
617.361111111
630.496453901
610.996563574
658.518518519
630.496453901
598.653198653
617.361111111
630.496453901
630.496453901
623.859649123
637.275985663
665.917602996
681.22605364
637.275985663
617.361111111
665.917602996
617.361111111
623.859649123
630.496453901
630.496453901
610.996563574
623.859649123
623.859649123
617.361111111
658.518518519
673.484848485
617.361111111
623.859649123
623.859649123
673.484848485
623.859649123
623.859649123
617.361111111
644.202898551
644.202898551
644.202898551
623.859649123
644.202898551
623.859649123
623.859649123
630.496453901
658.518518519
623.859649123
623.859649123
623.859649123
630.496453901
623.859649123
623.859649123
623.859649123
623.859649123
610.996563574
623.859649123
623.859649123
658.518518519
637.275985663
623.859649123
630.496453901
637.275985663
617.361111111
617.361111111
630.496453901
623.859649123
630.496453901
617.361111111
604.761904762
651.282051282
658.518518519
630.496453901
617.361111111
665.917602996
623.859649123
586.798679868
637.275985663
637.275985663
651.282051282
681.22605364
630.496453901
665.917602996
617.361111111
665.917602996
623.859649123
630.496453901
630.496453901
630.496453901
623.859649123
630.496453901
673.484848485
665.917602996
610.996563574
630.496453901
673.484848485
617.361111111
623.859649123
644.202898551
623.859649123
651.282051282
658.518518519
630.496453901
630.496453901
665.917602996
610.996563574
630.496453901
658.518518519
630.496453901
623.859649123
623.859649123
623.859649123
630.496453901
617.361111111
610.996563574
623.859649123
623.859649123
617.361111111
623.859649123
617.361111111
623.859649123
651.282051282
623.859649123
665.917602996
623.859649123
630.496453901
630.496453901
637.275985663
610.996563574
610.996563574
623.859649123
623.859649123
623.859649123
673.484848485
644.202898551
610.996563574
630.496453901
623.859649123
673.484848485
637.275985663
617.361111111
673.484848485
651.282051282
604.761904762
623.859649123
658.518518519
630.496453901
673.484848485
630.496453901
637.275985663
623.859649123
623.859649123
630.496453901
617.361111111
658.518518519
610.996563574
658.518518519
623.859649123
630.496453901
630.496453901
623.859649123
610.996563574
623.859649123
617.361111111
644.202898551
630.496453901
623.859649123
604.761904762
665.917602996
623.859649123
658.518518519
623.859649123
623.859649123
623.859649123
630.496453901
665.917602996
651.282051282
637.275985663
623.859649123
617.361111111
623.859649123
610.996563574
623.859649123
623.859649123
623.859649123
658.518518519
681.22605364
630.496453901
617.361111111
665.917602996
630.496453901
630.496453901
673.484848485
617.361111111
617.361111111
623.859649123
623.859649123
623.859649123
623.859649123
610.996563574
623.859649123
630.496453901
637.275985663
610.996563574
623.859649123
623.859649123
630.496453901
630.496453901
617.361111111
630.496453901
623.859649123
610.996563574
623.859649123
651.282051282
630.496453901
623.859649123
630.496453901
651.282051282
651.282051282
658.518518519
623.859649123
604.761904762
651.282051282
617.361111111
630.496453901
644.202898551
610.996563574
623.859649123
658.518518519
604.761904762
604.761904762
604.761904762
630.496453901
681.22605364
651.282051282
623.859649123
630.496453901
658.518518519
637.275985663
673.484848485
623.859649123
637.275985663
630.496453901
658.518518519
617.361111111
630.496453901
623.859649123
630.496453901
651.282051282
665.917602996
623.859649123
644.202898551
623.859649123
673.484848485
630.496453901
623.859649123
658.518518519
637.275985663
617.361111111
617.361111111
630.496453901
623.859649123
630.496453901
630.496453901
623.859649123
623.859649123
623.859649123
673.484848485
623.859649123
630.496453901
617.361111111
665.917602996
623.859649123
610.996563574
665.917602996
623.859649123
623.859649123
623.859649123
623.859649123
644.202898551
644.202898551
630.496453901
658.518518519
630.496453901
623.859649123
610.996563574
644.202898551
623.859649123
637.275985663
658.518518519
644.202898551
630.496453901
617.361111111
610.996563574
623.859649123
658.518518519
623.859649123
617.361111111
658.518518519
651.282051282
623.859649123
623.859649123
630.496453901
665.917602996
665.917602996
617.361111111
623.859649123
623.859649123
610.996563574
617.361111111
617.361111111
623.859649123
630.496453901
623.859649123
623.859649123
617.361111111
623.859649123
623.859649123
673.484848485
665.917602996
637.275985663
665.917602996
689.147286822
630.496453901
617.361111111
623.859649123
623.859649123
623.859649123
665.917602996
637.275985663
617.361111111
617.361111111
623.859649123
623.859649123
651.282051282
623.859649123
637.275985663
623.859649123
630.496453901
617.361111111
623.859649123
617.361111111
665.917602996
630.496453901
623.859649123
665.917602996
623.859649123
617.361111111
617.361111111
610.996563574
630.496453901
658.518518519
610.996563574
623.859649123
623.859649123
604.761904762
617.361111111
623.859649123
623.859649123
617.361111111
630.496453901
658.518518519
617.361111111
630.496453901
623.859649123
617.361111111
623.859649123
623.859649123
630.496453901
630.496453901
623.859649123
623.859649123
623.859649123
623.859649123
623.859649123
637.275985663
610.996563574
644.202898551
630.496453901
598.653198653
630.496453901
617.361111111
610.996563574
630.496453901
623.859649123
623.859649123
623.859649123
630.496453901
630.496453901
665.917602996
665.917602996
623.859649123
623.859649123
630.496453901
610.996563574
610.996563574
617.361111111
617.361111111
610.996563574
630.496453901
623.859649123
623.859649123
623.859649123
658.518518519
617.361111111
637.275985663
623.859649123
630.496453901
630.496453901
623.859649123
630.496453901
630.496453901
617.361111111
623.859649123
644.202898551
644.202898551
623.859649123
617.361111111
637.275985663
637.275985663
623.859649123
610.996563574
681.22605364
630.496453901
617.361111111
665.917602996
610.996563574
610.996563574
617.361111111
630.496453901
644.202898551
630.496453901
617.361111111
617.361111111
651.282051282
610.996563574
623.859649123
665.917602996
630.496453901
623.859649123
623.859649123
630.496453901
623.859649123
623.859649123
617.361111111
623.859649123
617.361111111
644.202898551
610.996563574
623.859649123
610.996563574
617.361111111
630.496453901
623.859649123
604.761904762
630.496453901
630.496453901
623.859649123
630.496453901
623.859649123
623.859649123
630.496453901
623.859649123
630.496453901
630.496453901
617.361111111
623.859649123
644.202898551
623.859649123
623.859649123
630.496453901
610.996563574
617.361111111
623.859649123
623.859649123
681.22605364
623.859649123
630.496453901
651.282051282
630.496453901
617.361111111
617.361111111
637.275985663
623.859649123
644.202898551
610.996563574
630.496453901
610.996563574
630.496453901
644.202898551
630.496453901
623.859649123
630.496453901
617.361111111
623.859649123
665.917602996
630.496453901
623.859649123
623.859649123
651.282051282
610.996563574
623.859649123
623.859649123
623.859649123
623.859649123
630.496453901
630.496453901
610.996563574
623.859649123
630.496453901
604.761904762
623.859649123
610.996563574
644.202898551
630.496453901
623.859649123
623.859649123
651.282051282
673.484848485
610.996563574
623.859649123
617.361111111
651.282051282
630.496453901
644.202898551
673.484848485
637.275985663
637.275985663
630.496453901
637.275985663
651.282051282
651.282051282
623.859649123
623.859649123
651.282051282
630.496453901
623.859649123
623.859649123
623.859649123
617.361111111
623.859649123
630.496453901
623.859649123
610.996563574
665.917602996
644.202898551
673.484848485
673.484848485
630.496453901
630.496453901
617.361111111
623.859649123
598.653198653
623.859649123
623.859649123
623.859649123
623.859649123
623.859649123
623.859649123
651.282051282
623.859649123
617.361111111
630.496453901
637.275985663
630.496453901
630.496453901
665.917602996
689.147286822
637.275985663
623.859649123
617.361111111
623.859649123
644.202898551
651.282051282
637.275985663
630.496453901
623.859649123
610.996563574
623.859649123
623.859649123
658.518518519
623.859649123
630.496453901
623.859649123
630.496453901
623.859649123
623.859649123
617.361111111
630.496453901
630.496453901
610.996563574
630.496453901
623.859649123
623.859649123
637.275985663
623.859649123
617.361111111
630.496453901
630.496453901
623.859649123
598.653198653
623.859649123
623.859649123
604.761904762
617.361111111
630.496453901
630.496453901
630.496453901
637.275985663
623.859649123
623.859649123
610.996563574
630.496453901
623.859649123
623.859649123
623.859649123
630.496453901
623.859649123
630.496453901
623.859649123
623.859649123
630.496453901
630.496453901
630.496453901
630.496453901
630.496453901
610.996563574
637.275985663
630.496453901
637.275985663
630.496453901
623.859649123
623.859649123
630.496453901
617.361111111
630.496453901
623.859649123
623.859649123
623.859649123
623.859649123
617.361111111
623.859649123
617.361111111
610.996563574
630.496453901
617.361111111
617.361111111
630.496453901
630.496453901
610.996563574
623.859649123
623.859649123
617.361111111
630.496453901
623.859649123
623.859649123
630.496453901
630.496453901
617.361111111
637.275985663
623.859649123
630.496453901
630.496453901
630.496453901
637.275985663
630.496453901
598.653198653
617.361111111
623.859649123
637.275985663
630.496453901
630.496453901
630.496453901
637.275985663
658.518518519
658.518518519
834.741784038
871.568627451
598.653198653
455.897435897
448.98989899
673.484848485
529.166666667
604.761904762
823.148148148
823.148148148
665.917602996
955.913978495
1077.57575758
1162.09150327
493.888888889
705.555555556
697.254901961
474.133333333
442.288557214
489.807162534
439.012345679
426.378896882
395.111111111
395.111111111
617.361111111
538.787878788
506.552706553
340.61302682
524.483775811
329.259259259
858.937198068
722.764227642
352.777777778
651.282051282
395.111111111
481.842818428
336.742424242
637.275985663
971.584699454
790.222222222
658.518518519
405.936073059
426.378896882
750.210970464
689.147286822
548.765432099
846.666666667
731.687242798
529.166666667
375.105485232
697.254901961
395.111111111
474.133333333
846.666666667
897.97979798
470.37037037
305.498281787
256.565656566
254.363376252
257.68115942
257.68115942
261.086637298
258.806404658
258.806404658
257.68115942
256.565656566
254.363376252
247.977684798
245.9197787
239.946018893
235.185185185
233.333333333
225.348542459
206.504065041
217.094017094
196.899224806
186.373165618
183.488132095
184.631360332
173.294346979
176.915422886
173.294346979
173.802541544
175.865479723
176.388888889
171.290944123
169.333333333
164.62962963
162.374429224
160.18018018
157.624113475
154.340277778
153.540587219
150.423011844
148.538011696
145.977011494
143.502824859
141.447891806
140.110323089
136.874518861
136.245210728
133.183520599
131.997030438
130.256410256
127.181688126
125.564971751
120.706042091
121.9478738
120.952380952
119.730639731
118.296739854
116.666666667
113.974358974
112.247474747
111.613308223
108.946078431
